====NoRpc====            1            2            3            8            4            5            6            7
       ibdNum       305804       310822       289095       191985        41229        41443        40999        27678
      daqTime      570.258      570.258      572.875      383.229      567.281      567.281      567.281      377.496
      epsi_mu     0.824796     0.821765     0.857514     0.857685     0.981112      0.98109      0.98079     0.981101
   epsi_multi     0.970178     0.970453     0.972554     0.972329      0.97513     0.974977     0.974597     0.975284
       accNum            0            0            0            0            0            0            0            0
           +-            0            0            0            0            0            0            0            0
      accRate            0            0            0            0            0            0            0            0
           +-            0            0            0            0            0            0            0            0
   accNum_600            0            0            0            0            0            0            0            0
           +-            0            0            0            0            0            0            0            0
  accRate_600            0            0            0            0            0            0            0            0
           +-            0            0            0            0            0            0            0            0
        fnNum      776.958      776.958      526.532      526.532      97.3434      97.3434      97.3434      97.3434
           +-      117.749      117.749      112.447      112.447      1.88235      1.88235      1.88235      1.88235
         fnBs   0.00126002   0.00126002   0.00109448   0.00109448  0.000643172  0.000643172  0.000643172  0.000643172
          U/L     0.990264     0.955753     0.977002     0.974261      0.98761      1.01463     0.967228     0.969264
       fnRate     0.852777     0.852777     0.660344     0.660344    0.0489456    0.0489456    0.0489456    0.0489456
           +-     0.129239     0.129239     0.141024     0.141024   0.00094647   0.00094647   0.00094647   0.00094647
        LiNum            0            0            0            0            0            0            0            0
           +-            0            0            0            0            0            0            0            0
       LiRate            0            0            0            0            0            0            0            0
           +-            0            0            0            0            0            0            0            0
===WithRpc===            0            0            0            0            0            0            0            0
     UpperNum       152154       151895       142866        94741        20486        20872        20158        13623
     LowerNum       153650       158927       146229        97244        20743        20571        20841        14055
      daqTime      570.258      570.258      572.875      572.875      567.281      567.281      567.281      567.281
          (-)            0            0            0            0            0            0            0            0
      epsi_mu     0.824796     0.821765     0.857514     0.573754     0.981112      0.98109      0.98079     0.652871
          (-)            0            0            0            0            0            0            0            0
   epsi_multi     0.970178     0.970453     0.972554     0.972329      0.97513     0.974977     0.974597     0.975284
          (-)            0            0            0            0            0            0            0            0
       accNum            0            0            0            0            0            0            0            0
           +-            0            0            0            0            0            0            0            0
          (-)            0            0            0            0            0            0            0            0
      accRate            0            0            0            0            0            0            0            0
           +-            0            0            0            0            0            0            0            0
          (-)            0            0            0            0            0            0            0            0
   accNum_600            0            0            0            0            0            0            0            0
           +-            0            0            0            0            0            0            0            0
          (-)            0            0            0            0            0            0            0            0
  accRate_600            0            0            0            0            0            0            0            0
           +-            0            0            0            0            0            0            0            0
          (-)            0            0            0            0            0            0            0            0
        fnNum      776.958      776.958      526.532      526.532      97.3434      97.3434      97.3434      97.3434
           +-      117.749      117.749      112.447      112.447      1.88235      1.88235      1.88235      1.88235
          (-)            0            0            0            0            0            0            0            0
         fnBs   0.00126002   0.00126002   0.00109448   0.00109448  0.000643172  0.000643172  0.000643172  0.000643172
           +-            0            0            0            0            0            0            0            0
          (-)     0.824796     0.821765            0            0            0            0            0            0
       fnRate     0.981112      0.98109      0.98079     0.652871    0.0489456    0.0489456    0.0489456    0.0489456
           +-     0.857514     0.857685     0.141024     0.141024   0.00094647   0.00094647   0.00094647   0.00094647
          (-)      570.258      570.258  5.39131e-07  5.39131e-07  1.90929e-07  1.90929e-07  1.90929e-07  1.90929e-07
