            1            2            3            8            4            5            6            7
       304119       309089       287099       190047        40956        41203        40701        27419
      570.258      570.258      572.875      383.229      567.281      567.281      567.281      377.496
     0.824796     0.821765     0.857514     0.857685     0.981112      0.98109      0.98079     0.981101
     0.970178     0.970453     0.972554     0.972329      0.97513     0.974977     0.974597     0.975284
            0            0            0            0            0            0            0            0
            0            0            0            0            0            0            0            0
            0            0            0            0            0            0            0            0
            0            0            0            0            0            0            0            0
            0            0            0            0            0            0            0            0
            0            0            0            0            0            0            0            0
            0            0            0            0            0            0            0            0
            0            0            0            0            0            0            0            0
      767.631      767.631      521.902      521.902      95.0271      95.0271      95.0271      95.0271
      111.906      111.906      111.826      111.826      2.56413      2.56413      2.56413      2.56413
   0.00125183   0.00125183    0.0010938    0.0010938  0.000632338  0.000632338  0.000632338  0.000632338
     0.990203     0.955814     0.977062     0.974268     0.989024      1.01314     0.967563     0.971314
      0.84254      0.84254     0.654537     0.654537    0.0477809    0.0477809    0.0477809    0.0477809
     0.122826     0.122826     0.140245     0.140245   0.00128928   0.00128928   0.00128928   0.00128928
            0            0            0            0            0            0            0            0
            0            0            0            0            0            0            0            0
            0            0            0            0            0            0            0            0
            0            0            0            0            0            0            0            0
            0            0            0            0            0            0            0            0
       151311       151053       141884        93785        20365        20736        20015        13510
       152808       158036       145215        96262        20591        20467        20686        13909
      570.258      570.258      572.875      572.875      567.281      567.281      567.281      567.281
            0            0            0            0            0            0            0            0
     0.824796     0.821765     0.857514     0.573754     0.981112      0.98109      0.98079     0.652871
            0            0            0            0            0            0            0            0
     0.970178     0.970453     0.972554     0.972329      0.97513     0.974977     0.974597     0.975284
            0            0            0            0            0            0            0            0
            0            0            0            0            0            0            0            0
            0            0            0            0            0            0            0            0
            0            0            0            0            0            0            0            0
            0            0            0            0            0            0            0            0
            0            0            0            0            0            0            0            0
            0            0            0            0            0            0            0            0
            0            0            0            0            0            0            0            0
            0            0            0            0            0            0            0            0
            0            0            0            0            0            0            0            0
            0            0            0            0            0            0            0            0
            0            0            0            0            0            0            0            0
            0            0            0            0            0            0            0            0
      767.631      767.631      521.902      521.902      95.0271      95.0271      95.0271      95.0271
      111.906      111.906      111.826      111.826      2.56413      2.56413      2.56413      2.56413
            0            0            0            0            0            0            0            0
   0.00125183   0.00125183    0.0010938    0.0010938  0.000632338  0.000632338  0.000632338  0.000632338
            0            0            0            0            0            0            0            0
            0            0            0            0     0.857514     0.573754            0            0
      0.84254      0.84254      0.98079     0.652871     0.824796     0.821765    0.0477809    0.0477809
     0.122826     0.122826     0.140245     0.140245     0.981112      0.98109      0.98079     0.981101
            0            0  5.39131e-07  5.39131e-07      572.875      572.875  1.90929e-07  1.90929e-07
