1 1 -2304.61358026 -303.408133816 -1750.0
1 2 -2147.55797332 -889.547638533 -1750.0
1 3 -1844.14983951 -1415.06594173 -1750.0
1 4 -1415.06594173 -1844.14983951 -1750.0
1 5 -889.547638533 -2147.55797332 -1750.0
1 6 -303.408133816 -2304.61358026 -1750.0
1 7 303.408133816 -2304.61358026 -1750.0
1 8 889.547638533 -2147.55797332 -1750.0
1 9 1415.06594173 -1844.14983951 -1750.0
1 10 1844.14983951 -1415.06594173 -1750.0
1 11 2147.55797332 -889.547638533 -1750.0
1 12 2304.61358026 -303.408133816 -1750.0
1 13 2304.61358026 303.408133816 -1750.0
1 14 2147.55797332 889.547638532 -1750.0
1 15 1844.14983951 1415.06594173 -1750.0
1 16 1415.06594173 1844.14983951 -1750.0
1 17 889.547638533 2147.55797332 -1750.0
1 18 303.408133815 2304.61358026 -1750.0
1 19 -303.408133816 2304.61358026 -1750.0
1 20 -889.547638533 2147.55797332 -1750.0
1 21 -1415.06594173 1844.14983951 -1750.0
1 22 -1844.14983951 1415.06594173 -1750.0
1 23 -2147.55797332 889.547638532 -1750.0
1 24 -2304.61358026 303.408133816 -1750.0
2 1 -2304.61358026 -303.408133816 -1250.0
2 2 -2147.55797332 -889.547638533 -1250.0
2 3 -1844.14983951 -1415.06594173 -1250.0
2 4 -1415.06594173 -1844.14983951 -1250.0
2 5 -889.547638533 -2147.55797332 -1250.0
2 6 -303.408133816 -2304.61358026 -1250.0
2 7 303.408133816 -2304.61358026 -1250.0
2 8 889.547638533 -2147.55797332 -1250.0
2 9 1415.06594173 -1844.14983951 -1250.0
2 10 1844.14983951 -1415.06594173 -1250.0
2 11 2147.55797332 -889.547638533 -1250.0
2 12 2304.61358026 -303.408133816 -1250.0
2 13 2304.61358026 303.408133816 -1250.0
2 14 2147.55797332 889.547638532 -1250.0
2 15 1844.14983951 1415.06594173 -1250.0
2 16 1415.06594173 1844.14983951 -1250.0
2 17 889.547638533 2147.55797332 -1250.0
2 18 303.408133815 2304.61358026 -1250.0
2 19 -303.408133816 2304.61358026 -1250.0
2 20 -889.547638533 2147.55797332 -1250.0
2 21 -1415.06594173 1844.14983951 -1250.0
2 22 -1844.14983951 1415.06594173 -1250.0
2 23 -2147.55797332 889.547638532 -1250.0
2 24 -2304.61358026 303.408133816 -1250.0
3 1 -2304.61358026 -303.408133816 -750.0
3 2 -2147.55797332 -889.547638533 -750.0
3 3 -1844.14983951 -1415.06594173 -750.0
3 4 -1415.06594173 -1844.14983951 -750.0
3 5 -889.547638533 -2147.55797332 -750.0
3 6 -303.408133816 -2304.61358026 -750.0
3 7 303.408133816 -2304.61358026 -750.0
3 8 889.547638533 -2147.55797332 -750.0
3 9 1415.06594173 -1844.14983951 -750.0
3 10 1844.14983951 -1415.06594173 -750.0
3 11 2147.55797332 -889.547638533 -750.0
3 12 2304.61358026 -303.408133816 -750.0
3 13 2304.61358026 303.408133816 -750.0
3 14 2147.55797332 889.547638532 -750.0
3 15 1844.14983951 1415.06594173 -750.0
3 16 1415.06594173 1844.14983951 -750.0
3 17 889.547638533 2147.55797332 -750.0
3 18 303.408133815 2304.61358026 -750.0
3 19 -303.408133816 2304.61358026 -750.0
3 20 -889.547638533 2147.55797332 -750.0
3 21 -1415.06594173 1844.14983951 -750.0
3 22 -1844.14983951 1415.06594173 -750.0
3 23 -2147.55797332 889.547638532 -750.0
3 24 -2304.61358026 303.408133816 -750.0
4 1 -2304.61358026 -303.408133816 -250.0
4 2 -2147.55797332 -889.547638533 -250.0
4 3 -1844.14983951 -1415.06594173 -250.0
4 4 -1415.06594173 -1844.14983951 -250.0
4 5 -889.547638533 -2147.55797332 -250.0
4 6 -303.408133816 -2304.61358026 -250.0
4 7 303.408133816 -2304.61358026 -250.0
4 8 889.547638533 -2147.55797332 -250.0
4 9 1415.06594173 -1844.14983951 -250.0
4 10 1844.14983951 -1415.06594173 -250.0
4 11 2147.55797332 -889.547638533 -250.0
4 12 2304.61358026 -303.408133816 -250.0
4 13 2304.61358026 303.408133816 -250.0
4 14 2147.55797332 889.547638532 -250.0
4 15 1844.14983951 1415.06594173 -250.0
4 16 1415.06594173 1844.14983951 -250.0
4 17 889.547638533 2147.55797332 -250.0
4 18 303.408133815 2304.61358026 -250.0
4 19 -303.408133816 2304.61358026 -250.0
4 20 -889.547638533 2147.55797332 -250.0
4 21 -1415.06594173 1844.14983951 -250.0
4 22 -1844.14983951 1415.06594173 -250.0
4 23 -2147.55797332 889.547638532 -250.0
4 24 -2304.61358026 303.408133816 -250.0
5 1 -2304.61358026 -303.408133816 250.0
5 2 -2147.55797332 -889.547638533 250.0
5 3 -1844.14983951 -1415.06594173 250.0
5 4 -1415.06594173 -1844.14983951 250.0
5 5 -889.547638533 -2147.55797332 250.0
5 6 -303.408133816 -2304.61358026 250.0
5 7 303.408133816 -2304.61358026 250.0
5 8 889.547638533 -2147.55797332 250.0
5 9 1415.06594173 -1844.14983951 250.0
5 10 1844.14983951 -1415.06594173 250.0
5 11 2147.55797332 -889.547638533 250.0
5 12 2304.61358026 -303.408133816 250.0
5 13 2304.61358026 303.408133816 250.0
5 14 2147.55797332 889.547638532 250.0
5 15 1844.14983951 1415.06594173 250.0
5 16 1415.06594173 1844.14983951 250.0
5 17 889.547638533 2147.55797332 250.0
5 18 303.408133815 2304.61358026 250.0
5 19 -303.408133816 2304.61358026 250.0
5 20 -889.547638533 2147.55797332 250.0
5 21 -1415.06594173 1844.14983951 250.0
5 22 -1844.14983951 1415.06594173 250.0
5 23 -2147.55797332 889.547638532 250.0
5 24 -2304.61358026 303.408133816 250.0
6 1 -2304.61358026 -303.408133816 750.0
6 2 -2147.55797332 -889.547638533 750.0
6 3 -1844.14983951 -1415.06594173 750.0
6 4 -1415.06594173 -1844.14983951 750.0
6 5 -889.547638533 -2147.55797332 750.0
6 6 -303.408133816 -2304.61358026 750.0
6 7 303.408133816 -2304.61358026 750.0
6 8 889.547638533 -2147.55797332 750.0
6 9 1415.06594173 -1844.14983951 750.0
6 10 1844.14983951 -1415.06594173 750.0
6 11 2147.55797332 -889.547638533 750.0
6 12 2304.61358026 -303.408133816 750.0
6 13 2304.61358026 303.408133816 750.0
6 14 2147.55797332 889.547638532 750.0
6 15 1844.14983951 1415.06594173 750.0
6 16 1415.06594173 1844.14983951 750.0
6 17 889.547638533 2147.55797332 750.0
6 18 303.408133815 2304.61358026 750.0
6 19 -303.408133816 2304.61358026 750.0
6 20 -889.547638533 2147.55797332 750.0
6 21 -1415.06594173 1844.14983951 750.0
6 22 -1844.14983951 1415.06594173 750.0
6 23 -2147.55797332 889.547638532 750.0
6 24 -2304.61358026 303.408133816 750.0
7 1 -2304.61358026 -303.408133816 1250.0
7 2 -2147.55797332 -889.547638533 1250.0
7 3 -1844.14983951 -1415.06594173 1250.0
7 4 -1415.06594173 -1844.14983951 1250.0
7 5 -889.547638533 -2147.55797332 1250.0
7 6 -303.408133816 -2304.61358026 1250.0
7 7 303.408133816 -2304.61358026 1250.0
7 8 889.547638533 -2147.55797332 1250.0
7 9 1415.06594173 -1844.14983951 1250.0
7 10 1844.14983951 -1415.06594173 1250.0
7 11 2147.55797332 -889.547638533 1250.0
7 12 2304.61358026 -303.408133816 1250.0
7 13 2304.61358026 303.408133816 1250.0
7 14 2147.55797332 889.547638532 1250.0
7 15 1844.14983951 1415.06594173 1250.0
7 16 1415.06594173 1844.14983951 1250.0
7 17 889.547638533 2147.55797332 1250.0
7 18 303.408133815 2304.61358026 1250.0
7 19 -303.408133816 2304.61358026 1250.0
7 20 -889.547638533 2147.55797332 1250.0
7 21 -1415.06594173 1844.14983951 1250.0
7 22 -1844.14983951 1415.06594173 1250.0
7 23 -2147.55797332 889.547638532 1250.0
7 24 -2304.61358026 303.408133816 1250.0
8 1 -2304.61358026 -303.408133816 1750.0
8 2 -2147.55797332 -889.547638533 1750.0
8 3 -1844.14983951 -1415.06594173 1750.0
8 4 -1415.06594173 -1844.14983951 1750.0
8 5 -889.547638533 -2147.55797332 1750.0
8 6 -303.408133816 -2304.61358026 1750.0
8 7 303.408133816 -2304.61358026 1750.0
8 8 889.547638533 -2147.55797332 1750.0
8 9 1415.06594173 -1844.14983951 1750.0
8 10 1844.14983951 -1415.06594173 1750.0
8 11 2147.55797332 -889.547638533 1750.0
8 12 2304.61358026 -303.408133816 1750.0
8 13 2304.61358026 303.408133816 1750.0
8 14 2147.55797332 889.547638532 1750.0
8 15 1844.14983951 1415.06594173 1750.0
8 16 1415.06594173 1844.14983951 1750.0
8 17 889.547638533 2147.55797332 1750.0
8 18 303.408133815 2304.61358026 1750.0
8 19 -303.408133816 2304.61358026 1750.0
8 20 -889.547638533 2147.55797332 1750.0
8 21 -1415.06594173 1844.14983951 1750.0
8 22 -1844.14983951 1415.06594173 1750.0
8 23 -2147.55797332 889.547638532 1750.0
8 24 -2304.61358026 303.408133816 1750.0
